Start node: -2 -2 -2 -1 -1 -1 -1 2 1 | -1 -2 1 2 -1
Finish node: -1 | 1 1 2 2
Path: 3 8 11 3 7 10 9 1 11 1 7 9 1 11 5 5 6 4 3 8 11 3 7 10 9 1 11 2 5 8 3 9

-2 -2 -2 -1 -1 -1 -1 2 1 | -1 -2 1 2 -1
MOVE 3
-2 -2 -2 -1 -1 -1 2 -1 | -1 -2 1 2 -1
MOVE 8
-2 -2 -2 -1 -1 -1 2 -1 | -2 1 2 -1 -1
MOVE 11
-1 -2 -2 -2 -1 -1 -1 2 | -2 1 2 -1 -1
MOVE 3
-1 -2 -2 -2 -1 -1 2 -1 -1 | -2 1 2 -1 -1
MOVE 7
-2 -2 -2 -1 -1 2 -1 -1 -1 | -2 1 2 -1 -1
MOVE 10
-2 -2 -2 -1 -1 2 -1 -1 -1 | 1 2 -1 -1 -2
MOVE 9
-2 -2 -1 -1 2 -1 -1 -1 -2 | 1 2 -1 -1 -2
MOVE 1
-2 -2 -1 -1 2 -1 -2 -1 | 1 2 -1 -1 -2
MOVE 11
-1 -2 -2 -1 -1 2 -1 -2 | 1 2 -1 -1 -2
MOVE 1
-1 -2 -2 -1 -1 2 1 -2 -1 | 1 2 -1 -1 -2
MOVE 7
-2 -2 -1 -1 2 1 -2 -1 -1 | 1 2 -1 -1 -2
MOVE 9
-2 -1 -1 2 1 -2 -1 -1 -2 | 1 2 -1 -1 -2
MOVE 1
-2 -1 -1 2 1 -2 -2 -1 | 1 2 -1 -1 -2
MOVE 11
-1 -2 -1 -1 2 1 -2 -2 | 1 2 -1 -1 -2
MOVE 5
-2 -1 -2 -1 -1 2 1 -2 | 1 2 -1 -1 -2
MOVE 5
-2 -2 -1 -2 -1 -1 2 1 | 1 2 -1 -1 -2
MOVE 6
-2 -2 -1 -2 -1 -1 2 1 | -2 1 2 -1 -1
MOVE 4
-2 -2 -1 -2 -1 -1 2 1 | -1 -2 1 2 -1
MOVE 3
-2 -2 -1 -2 -1 2 -1 | -1 -2 1 2 -1
MOVE 8
-2 -2 -1 -2 -1 2 -1 | -2 1 2 -1 -1
MOVE 11
-1 -2 -2 -1 -2 -1 2 | -2 1 2 -1 -1
MOVE 3
-1 -2 -2 -1 -1 -1 | -2 1 2 -1 -1
MOVE 7
-2 -2 -1 -1 -1 -1 | -2 1 2 -1 -1
MOVE 10
-2 -2 -1 -1 -1 -1 | 1 2 -1 -1 -2
MOVE 9
-2 -1 -1 -1 -1 -2 | 1 2 -1 -1 -2
MOVE 1
-2 -1 -1 -2 -1 | 1 2 -1 -1 -2
MOVE 11
-1 -2 -1 -1 -2 | 1 2 -1 -1 -2
MOVE 2
-1 -2 -1 -1 -2 | 1 2 2 1
MOVE 5
-2 -1 -2 -1 -1 | 1 2 2 1
MOVE 8
-2 -1 -2 -1 -1 | 1 1 2 2
MOVE 3
-2 -1 2 | 1 1 2 2
MOVE 9
-1 | 1 1 2 2