5 8 3 9 2 
1 7 5 3 2 
8 3 6 2 1 
1 7 3 2 2 
10 10 3 6 2 1 1 
1 7 6 3 2 2 4 2 
5 5 4 10 2 9 3 9 2 1 1 
5 4 2 8 3 9 2 
10 10 3 6 2 1 1 1 
5 0 5 3 6 1 4 2 
6 0 10 1 7 6 3 2 2 4 2 
8 7 1 5 0 3 3 3 
7 5 0 10 1 5 0 1 1 7 1 
5 5 10 4 10 2 10 9 9 3 6 2 1 1 1 
7 0 11 5 4 2 8 3 9 2 
7 5 2 11 4 10 2 9 3 9 2 1 1 
5 6 4 2 5 3 9 1 
4 2 7 1 5 5 3 
5 5 4 10 2 10 10 2 10 10 7 0 10 0 10 0 1 5 0 1 1 7 1 
5 4 2 5 10 2 9 3 9 2 1 1 
10 10 3 2 8 6 7 1 9 2 5 3 0 3 2 
5 0 5 3 9 1 
6 0 10 1 7 3 2 2 
5 5 0 3 9 1 
2 8 1 7 3 2 2 
5 0 5 8 3 2 9 0 6 1 2 4 2 
6 0 6 6 0 6 6 7 2 6 1 5 0 3 3 3 
7 0 5 11 3 2 9 0 6 1 2 4 2 
5 5 3 2 9 0 6 1 2 2 4 2 
8 7 2 6 1 5 0 3 3 3 
5 5 8 6 4 2 4 2 10 10 2 10 10 7 0 10 0 10 0 1 5 0 1 1 7 1 
5 5 8 6 4 2 4 10 9 2 5 10 2 9 3 9 2 1 1 
7 5 0 11 10 4 10 2 10 9 9 3 6 2 1 1 1 
7 5 10 0 6 8 0 1 5 0 1 1 7 1 
7 0 5 1 11 3 0 
5 5 8 6 4 2 6 8 7 0 10 0 10 0 1 5 0 1 1 7 1 
6 7 0 11 5 4 2 5 3 9 1 
7 5 10 2 11 4 10 2 10 9 9 3 6 2 1 1 1 
8 7 2 6 4 1 5 0 
10 4 2 5 8 3 9 2 
6 4 2 1 7 5 3 2 
7 2 5 8 6 2 4 1 10 5 3 
7 5 0 8 0 1 5 0 1 1 7 1 
7 5 10 0 6 8 0 11 10 4 4 9 2 5 10 2 10 10 2 10 10 7 0 10 0 10 0 1 5 0 1 1 7 1 
7 0 11 5 4 2 5 10 2 9 3 9 2 1 1 
5 10 4 2 5 10 2 10 9 9 3 6 2 1 1 1 
5 6 4 2 5 10 2 9 3 9 2 1 
4 2 8 5 8 3 9 2 
7 5 0 11 10 4 9 2 5 10 2 10 10 2 10 10 10 7 0 10 0 10 0 10 0 1 5 0 1 1 7 1 
5 4 2 5 10 2 10 10 2 10 10 7 0 10 0 10 0 1 5 0 1 1 7 1 
