(-1, 7) (5, 7) (8, 7) (3, 5) (9, 3) (2, 2)
(-1, 7) (1, 7) (7, 5) (5, 3) (3, 3) (2, 2)
(-1, 8) (8, 8) (3, 5) (6, 5) (2, 3) (1, 2)
(-1, 8) (1, 7) (7, 5) (3, 4) (2, 3) (2, 2)
(-1, 9) (10, 9) (10, 9) (3, 7) (6, 7) (2, 4) (1, 3) (1, 2)
(-1, 9) (1, 9) (7, 7) (6, 7) (3, 5) (2, 4) (2, 3) (4, 3) (2, 2)
(-1, 10) (5, 10) (5, 10) (4, 10) (10, 10) (2, 9) (9, 9) (3, 9) (9, 7) (2, 4) (1, 3) (1, 2)
(-1, 10) (5, 10) (4, 10) (2, 7) (8, 7) (3, 5) (9, 3) (2, 2)
(-1, 10) (10, 10) (10, 10) (3, 9) (6, 9) (2, 5) (1, 4) (1, 3) (1, 2)
(-1, 10) (5, 10) (0, 7) (5, 7) (3, 5) (6, 5) (1, 3) (4, 3) (2, 2)
(-1, 10) (6, 10) (0, 9) (10, 9) (1, 9) (7, 7) (6, 7) (3, 5) (2, 4) (2, 3) (4, 3) (2, 2)
(-1, 10) (8, 10) (7, 10) (1, 9) (5, 9) (0, 5) (3, 4) (3, 3) (3, 2)
(-1, 11) (7, 11) (5, 11) (0, 8) (10, 8) (1, 7) (5, 7) (0, 5) (1, 4) (1, 3) (7, 3) (1, 2)
(-1, 11) (5, 11) (5, 11) (10, 11) (4, 11) (10, 11) (2, 10) (10, 10) (9, 10) (9, 10) (3, 9) (6, 9) (2, 5) (1, 4) (1, 3) (1, 2)
(-1, 11) (7, 11) (0, 10) (11, 10) (5, 10) (4, 10) (2, 7) (8, 7) (3, 5) (9, 3) (2, 2)
(-1, 11) (7, 11) (5, 11) (2, 10) (11, 10) (4, 10) (10, 10) (2, 9) (9, 9) (3, 9) (9, 7) (2, 4) (1, 3) (1, 2)
(-1, 11) (5, 11) (6, 11) (4, 11) (2, 6) (5, 6) (3, 5) (9, 3) (1, 2)
(-1, 11) (4, 11) (2, 6) (7, 6) (1, 5) (5, 3) (5, 3) (3, 2)
(-1, 11) (5, 11) (5, 11) (4, 11) (10, 11) (2, 12) (10, 12) (10, 12) (2, 11) (10, 11) (10, 11) (7, 11) (0, 10) (10, 10) (0, 9) (10, 9) (0, 8) (1, 7) (5, 7) (0, 5) (1, 4) (1, 3) (7, 3) (1, 2)
(-1, 11) (5, 11) (4, 11) (2, 10) (5, 10) (10, 10) (2, 9) (9, 9) (3, 9) (9, 7) (2, 4) (1, 3) (1, 2)
(-1, 11) (10, 11) (10, 11) (3, 11) (2, 10) (8, 10) (6, 10) (7, 10) (1, 9) (9, 9) (2, 7) (5, 7) (3, 4) (0, 3) (3, 3) (2, 2)
(-1, 11) (5, 11) (0, 6) (5, 6) (3, 5) (9, 3) (1, 2)
(-1, 11) (6, 11) (0, 8) (10, 8) (1, 7) (7, 5) (3, 4) (2, 3) (2, 2)
(-1, 11) (5, 11) (5, 11) (0, 6) (3, 5) (9, 3) (1, 2)
(-1, 11) (2, 10) (8, 8) (1, 7) (7, 5) (3, 4) (2, 3) (2, 2)
(-1, 11) (5, 11) (0, 10) (5, 10) (8, 10) (3, 9) (2, 9) (9, 9) (0, 7) (6, 7) (1, 4) (2, 3) (4, 3) (2, 2)
(-1, 11) (6, 11) (0, 12) (6, 12) (6, 12) (0, 11) (6, 11) (6, 11) (7, 11) (2, 10) (6, 10) (1, 9) (5, 9) (0, 5) (3, 4) (3, 3) (3, 2)
(-1, 11) (7, 11) (0, 10) (5, 10) (11, 10) (3, 9) (2, 9) (9, 9) (0, 7) (6, 7) (1, 4) (2, 3) (4, 3) (2, 2)
(-1, 11) (5, 11) (5, 11) (3, 11) (2, 10) (9, 10) (0, 9) (6, 9) (1, 5) (2, 4) (2, 3) (4, 3) (2, 2)
(-1, 11) (8, 11) (7, 11) (2, 10) (6, 10) (1, 9) (5, 9) (0, 5) (3, 4) (3, 3) (3, 2)
(-1, 12) (5, 12) (5, 12) (8, 12) (6, 12) (4, 12) (2, 11) (4, 11) (2, 12) (10, 12) (10, 12) (2, 11) (10, 11) (10, 11) (7, 11) (0, 10) (10, 10) (0, 9) (10, 9) (0, 8) (1, 7) (5, 7) (0, 5) (1, 4) (1, 3) (7, 3) (1, 2)
(-1, 12) (5, 12) (5, 12) (8, 12) (6, 12) (4, 12) (2, 11) (4, 11) (10, 11) (9, 11) (2, 10) (5, 10) (10, 10) (2, 9) (9, 9) (3, 9) (9, 7) (2, 4) (1, 3) (1, 2)
(-1, 12) (7, 12) (5, 12) (0, 11) (11, 11) (10, 11) (4, 11) (10, 11) (2, 10) (10, 10) (9, 10) (9, 10) (3, 9) (6, 9) (2, 5) (1, 4) (1, 3) (1, 2)
(-1, 12) (7, 12) (5, 12) (10, 12) (0, 9) (6, 9) (8, 9) (0, 8) (1, 7) (5, 7) (0, 5) (1, 4) (1, 3) (7, 3) (1, 2)
(-1, 12) (7, 12) (0, 7) (5, 7) (1, 5) (11, 5) (3, 3) (0, 2)
(-1, 12) (5, 12) (5, 12) (8, 12) (6, 12) (4, 12) (2, 11) (6, 11) (8, 11) (7, 11) (0, 10) (10, 10) (0, 9) (10, 9) (0, 8) (1, 7) (5, 7) (0, 5) (1, 4) (1, 3) (7, 3) (1, 2)
(-1, 12) (6, 12) (7, 12) (0, 11) (11, 11) (5, 11) (4, 11) (2, 6) (5, 6) (3, 5) (9, 3) (1, 2)
(-1, 12) (7, 12) (5, 12) (10, 12) (2, 11) (11, 11) (4, 11) (10, 11) (2, 10) (10, 10) (9, 10) (9, 10) (3, 9) (6, 9) (2, 5) (1, 4) (1, 3) (1, 2)
(-1, 12) (8, 12) (7, 12) (2, 11) (6, 9) (4, 7) (1, 5) (5, 3) (0, 2)
(-1, 12) (10, 12) (4, 12) (2, 7) (5, 7) (8, 7) (3, 5) (9, 3) (2, 2)
(-1, 12) (6, 12) (4, 12) (2, 7) (1, 7) (7, 5) (5, 3) (3, 3) (2, 2)
(-1, 12) (7, 12) (2, 11) (5, 11) (8, 11) (6, 11) (2, 10) (4, 8) (1, 5) (10, 3) (5, 3) (3, 2)
(-1, 12) (7, 12) (5, 12) (0, 9) (8, 9) (0, 8) (1, 7) (5, 7) (0, 5) (1, 4) (1, 3) (7, 3) (1, 2)
(-1, 12) (7, 12) (5, 12) (10, 12) (0, 13) (6, 13) (8, 13) (0, 12) (11, 12) (10, 12) (4, 12) (4, 12) (9, 12) (2, 11) (5, 11) (10, 11) (2, 12) (10, 12) (10, 12) (2, 11) (10, 11) (10, 11) (7, 11) (0, 10) (10, 10) (0, 9) (10, 9) (0, 8) (1, 7) (5, 7) (0, 5) (1, 4) (1, 3) (7, 3) (1, 2)
(-1, 12) (7, 12) (0, 11) (11, 11) (5, 11) (4, 11) (2, 10) (5, 10) (10, 10) (2, 9) (9, 9) (3, 9) (9, 7) (2, 4) (1, 3) (1, 2)
(-1, 12) (5, 12) (10, 12) (4, 12) (2, 11) (5, 11) (10, 11) (2, 10) (10, 10) (9, 10) (9, 10) (3, 9) (6, 9) (2, 5) (1, 4) (1, 3) (1, 2)
(-1, 12) (5, 12) (6, 12) (4, 12) (2, 11) (5, 11) (10, 11) (2, 8) (9, 8) (3, 7) (9, 5) (2, 3) (1, 2)
(-1, 12) (4, 12) (2, 9) (8, 7) (5, 7) (8, 7) (3, 5) (9, 3) (2, 2)
(-1, 12) (7, 12) (5, 12) (0, 13) (11, 13) (10, 13) (4, 13) (9, 13) (2, 12) (5, 12) (10, 12) (2, 13) (10, 13) (10, 13) (2, 12) (10, 12) (10, 12) (10, 12) (7, 12) (0, 11) (10, 11) (0, 10) (10, 10) (0, 9) (10, 9) (0, 8) (1, 7) (5, 7) (0, 5) (1, 4) (1, 3) (7, 3) (1, 2)
(-1, 12) (5, 12) (4, 12) (2, 11) (5, 11) (10, 11) (2, 12) (10, 12) (10, 12) (2, 11) (10, 11) (10, 11) (7, 11) (0, 10) (10, 10) (0, 9) (10, 9) (0, 8) (1, 7) (5, 7) (0, 5) (1, 4) (1, 3) (7, 3) (1, 2)
(-1, 12) (7, 12) (5, 12) (8, 12) (0, 11) (10, 11) (0, 10) (10, 10) (0, 9) (10, 9) (0, 8) (1, 7) (5, 7) (0, 5) (1, 4) (1, 3) (7, 3) (1, 2)
(-1, 12) (5, 12) (0, 7) (8, 7) (3, 5) (9, 3) (2, 2)
(-1, 12) (6, 12) (0, 7) (7, 7) (1, 5) (5, 3) (0, 2)
(-1, 12) (5, 12) (5, 12) (0, 7) (3, 7) (9, 5) (1, 3) (0, 2)
(-1, 12) (2, 11) (8, 9) (6, 7) (1, 7) (7, 5) (5, 3) (3, 3) (2, 2)
(-1, 12) (5, 12) (0, 11) (8, 11) (3, 9) (2, 8) (6, 8) (0, 5) (6, 5) (1, 3) (4, 3) (2, 2)
(-1, 12) (7, 12) (5, 12) (8, 12) (6, 12) (2, 11) (11, 11) (4, 11) (9, 11) (0, 10) (5, 10) (8, 10) (3, 9) (2, 9) (9, 9) (0, 7) (6, 7) (1, 4) (2, 3) (4, 3) (2, 2)
(-1, 12) (10, 12) (8, 12) (0, 11) (5, 11) (4, 11) (6, 11) (0, 10) (5, 10) (8, 10) (3, 9) (2, 9) (9, 9) (0, 7) (6, 7) (1, 4) (2, 3) (4, 3) (2, 2)
(-1, 12) (6, 12) (8, 12) (0, 11) (4, 11) (0, 12) (6, 12) (6, 12) (0, 11) (6, 11) (6, 11) (7, 11) (2, 10) (6, 10) (1, 9) (5, 9) (0, 5) (3, 4) (3, 3) (3, 2)
(-1, 12) (5, 12) (5, 12) (8, 12) (3, 9) (2, 7) (8, 7) (2, 5) (10, 3) (3, 2)
(-1, 12) (8, 12) (7, 12) (2, 11) (5, 11) (11, 11) (3, 11) (2, 10) (9, 10) (0, 9) (6, 9) (1, 5) (2, 4) (2, 3) (4, 3) (2, 2)
(-1, 12) (5, 12) (5, 12) (0, 9) (8, 7) (3, 5) (6, 5) (1, 3) (4, 3) (2, 2)
(-1, 12) (2, 11) (8, 9) (1, 9) (7, 7) (6, 7) (3, 5) (2, 4) (2, 3) (4, 3) (2, 2)
(-1, 12) (5, 12) (0, 11) (6, 11) (9, 11) (0, 12) (6, 12) (6, 12) (0, 11) (6, 11) (6, 11) (7, 11) (2, 10) (6, 10) (1, 9) (5, 9) (0, 5) (3, 4) (3, 3) (3, 2)
(-1, 12) (6, 12) (0, 13) (10, 13) (8, 13) (7, 13) (2, 12) (6, 12) (2, 13) (10, 13) (8, 13) (2, 12) (11, 12) (5, 12) (6, 12) (4, 12) (4, 12) (0, 11) (6, 11) (9, 11) (0, 12) (6, 12) (6, 12) (0, 11) (6, 11) (6, 11) (7, 11) (2, 10) (6, 10) (1, 9) (5, 9) (0, 5) (3, 4) (3, 3) (3, 2)
(-1, 12) (7, 12) (0, 7) (6, 7) (1, 5) (5, 3) (0, 2)
(-1, 12) (5, 12) (5, 12) (3, 11) (2, 9) (5, 9) (0, 7) (6, 7) (1, 4) (2, 3) (4, 3) (2, 2)
(-1, 12) (8, 12) (10, 12) (4, 12) (0, 11) (10, 11) (8, 11) (7, 11) (2, 10) (6, 10) (1, 9) (5, 9) (0, 5) (3, 4) (3, 3) (3, 2)
(-1, 12) (6, 12) (4, 12) (2, 11) (8, 9) (10, 9) (1, 9) (7, 7) (6, 7) (3, 5) (2, 4) (2, 3) (4, 3) (2, 2)
(-1, 12) (5, 12) (0, 11) (6, 11) (9, 11) (0, 10) (10, 10) (8, 10) (7, 10) (1, 9) (5, 9) (0, 5) (3, 4) (3, 3) (3, 2)
(-1, 12) (6, 12) (0, 13) (6, 13) (6, 13) (0, 12) (6, 12) (6, 12) (6, 12) (7, 12) (2, 11) (6, 11) (2, 10) (6, 10) (1, 9) (5, 9) (0, 5) (3, 4) (3, 3) (3, 2)
(-1, 12) (8, 12) (7, 12) (2, 11) (6, 11) (2, 10) (6, 10) (1, 9) (5, 9) (0, 5) (3, 4) (3, 3) (3, 2)
(-1, 13) (7, 13) (5, 13) (4, 13) (0, 10) (11, 10) (10, 10) (2, 9) (9, 9) (3, 9) (9, 7) (2, 4) (1, 3) (1, 2)
(-1, 13) (5, 13) (5, 13) (8, 13) (6, 13) (4, 13) (2, 12) (4, 12) (2, 13) (10, 13) (10, 13) (2, 12) (10, 12) (10, 12) (10, 12) (7, 12) (0, 11) (10, 11) (0, 10) (10, 10) (0, 9) (10, 9) (0, 8) (1, 7) (5, 7) (0, 5) (1, 4) (1, 3) (7, 3) (1, 2)
(-1, 13) (5, 13) (5, 13) (8, 13) (6, 13) (4, 13) (2, 12) (4, 12) (2, 13) (6, 13) (8, 13) (7, 13) (0, 12) (10, 12) (0, 13) (6, 13) (8, 13) (0, 12) (11, 12) (10, 12) (4, 12) (4, 12) (9, 12) (2, 11) (5, 11) (10, 11) (2, 12) (10, 12) (10, 12) (2, 11) (10, 11) (10, 11) (7, 11) (0, 10) (10, 10) (0, 9) (10, 9) (0, 8) (1, 7) (5, 7) (0, 5) (1, 4) (1, 3) (7, 3) (1, 2)
(-1, 13) (7, 13) (5, 13) (8, 13) (6, 13) (2, 12) (4, 10) (11, 10) (4, 10) (2, 9) (9, 9) (3, 9) (9, 7) (2, 4) (1, 3) (1, 2)
(-1, 13) (4, 13) (7, 13) (0, 12) (5, 12) (11, 12) (4, 12) (6, 12) (8, 12) (2, 11) (4, 11) (10, 11) (9, 11) (2, 10) (5, 10) (10, 10) (2, 9) (9, 9) (3, 9) (9, 7) (2, 4) (1, 3) (1, 2)
(-1, 13) (7, 13) (5, 13) (4, 13) (2, 12) (11, 12) (4, 12) (10, 12) (8, 12) (2, 11) (4, 11) (2, 12) (10, 12) (10, 12) (2, 11) (10, 11) (10, 11) (7, 11) (0, 10) (10, 10) (0, 9) (10, 9) (0, 8) (1, 7) (5, 7) (0, 5) (1, 4) (1, 3) (7, 3) (1, 2)
(-1, 13) (5, 13) (5, 13) (8, 13) (6, 13) (4, 13) (2, 12) (4, 12) (10, 12) (9, 12) (2, 11) (5, 11) (10, 11) (2, 12) (10, 12) (10, 12) (2, 11) (10, 11) (10, 11) (7, 11) (0, 10) (10, 10) (0, 9) (10, 9) (0, 8) (1, 7) (5, 7) (0, 5) (1, 4) (1, 3) (7, 3) (1, 2)
(-1, 13) (7, 13) (5, 13) (8, 13) (6, 13) (2, 12) (4, 10) (11, 10) (4, 10) (2, 9) (10, 7) (3, 7) (9, 5) (1, 3) (0, 2)
(-1, 13) (5, 13) (5, 13) (8, 13) (6, 13) (4, 13) (2, 12) (10, 12) (7, 12) (2, 11) (4, 11) (2, 10) (11, 10) (4, 10) (10, 10) (2, 9) (9, 9) (3, 9) (9, 7) (2, 4) (1, 3) (1, 2)
(-1, 13) (4, 13) (4, 13) (2, 12) (8, 10) (5, 10) (2, 7) (8, 7) (3, 5) (9, 3) (2, 2)
(-1, 13) (5, 13) (5, 13) (8, 13) (6, 13) (4, 13) (2, 12) (6, 12) (4, 12) (2, 13) (6, 13) (8, 13) (7, 13) (0, 12) (10, 12) (0, 13) (6, 13) (8, 13) (0, 12) (11, 12) (10, 12) (4, 12) (4, 12) (9, 12) (2, 11) (5, 11) (10, 11) (2, 12) (10, 12) (10, 12) (2, 11) (10, 11) (10, 11) (7, 11) (0, 10) (10, 10) (0, 9) (10, 9) (0, 8) (1, 7) (5, 7) (0, 5) (1, 4) (1, 3) (7, 3) (1, 2)
(-1, 13) (5, 13) (4, 13) (4, 13) (2, 12) (5, 12) (10, 12) (8, 12) (2, 11) (4, 11) (2, 12) (10, 12) (10, 12) (2, 11) (10, 11) (10, 11) (7, 11) (0, 10) (10, 10) (0, 9) (10, 9) (0, 8) (1, 7) (5, 7) (0, 5) (1, 4) (1, 3) (7, 3) (1, 2)
(-1, 13) (7, 13) (5, 13) (0, 12) (10, 12) (0, 9) (6, 9) (8, 9) (0, 8) (1, 7) (5, 7) (0, 5) (1, 4) (1, 3) (7, 3) (1, 2)
(-1, 13) (7, 13) (5, 13) (10, 13) (0, 12) (11, 12) (10, 12) (4, 12) (10, 12) (2, 11) (6, 11) (8, 11) (7, 11) (0, 10) (10, 10) (0, 9) (10, 9) (0, 8) (1, 7) (5, 7) (0, 5) (1, 4) (1, 3) (7, 3) (1, 2)
(-1, 13) (7, 13) (0, 10) (5, 10) (11, 10) (4, 10) (10, 10) (2, 9) (9, 9) (3, 9) (9, 7) (2, 4) (1, 3) (1, 2)
(-1, 13) (7, 13) (5, 13) (8, 13) (0, 12) (10, 12) (4, 12) (0, 9) (8, 9) (0, 8) (1, 7) (5, 7) (0, 5) (1, 4) (1, 3) (7, 3) (1, 2)
(-1, 13) (6, 13) (7, 13) (0, 8) (10, 6) (1, 5) (5, 3) (5, 3) (3, 2)
(-1, 13) (5, 13) (5, 13) (8, 13) (6, 13) (4, 13) (2, 12) (6, 12) (8, 12) (7, 12) (0, 11) (10, 11) (0, 10) (10, 10) (0, 9) (10, 9) (0, 8) (1, 7) (5, 7) (0, 5) (1, 4) (1, 3) (7, 3) (1, 2)
(-1, 13) (8, 13) (7, 13) (2, 12) (6, 10) (4, 8) (6, 6) (1, 5) (5, 3) (5, 3) (3, 2)
(-1, 13) (5, 13) (4, 13) (4, 13) (0, 12) (5, 12) (6, 12) (8, 12) (2, 11) (4, 11) (10, 11) (9, 11) (2, 10) (5, 10) (10, 10) (2, 9) (9, 9) (3, 9) (9, 7) (2, 4) (1, 3) (1, 2)
(-1, 13) (5, 13) (5, 13) (8, 13) (6, 13) (4, 13) (2, 12) (10, 10) (4, 10) (2, 9) (10, 7) (3, 7) (9, 5) (1, 3) (0, 2)
(-1, 13) (7, 13) (5, 13) (8, 13) (0, 12) (11, 12) (6, 12) (4, 12) (10, 12) (9, 12) (2, 11) (5, 11) (10, 11) (2, 10) (10, 10) (9, 10) (9, 10) (3, 9) (6, 9) (2, 5) (1, 4) (1, 3) (1, 2)
(-1, 13) (8, 13) (7, 13) (2, 12) (6, 10) (4, 8) (6, 8) (1, 5) (5, 5) (0, 3) (3, 2)
(-1, 13) (10, 13) (10, 13) (4, 13) (2, 8) (8, 8) (3, 5) (6, 5) (2, 3) (1, 2)
(-1, 13) (8, 13) (7, 13) (2, 12) (6, 10) (4, 8) (1, 5) (5, 5) (0, 3) (3, 2)
(-1, 13) (7, 13) (5, 13) (2, 10) (11, 10) (4, 10) (6, 10) (2, 9) (10, 7) (3, 7) (9, 5) (1, 3) (0, 2)
(-1, 13) (6, 13) (7, 13) (2, 12) (10, 12) (8, 12) (2, 11) (6, 9) (4, 7) (1, 5) (5, 3) (0, 2)
(-1, 13) (7, 13) (2, 12) (6, 12) (2, 7) (1, 5) (5, 3) (0, 2)
(-1, 13) (7, 13) (5, 13) (8, 13) (6, 13) (2, 14) (11, 14) (6, 14) (4, 14) (2, 13) (4, 13) (2, 14) (6, 14) (8, 14) (7, 14) (0, 13) (10, 13) (0, 14) (6, 14) (8, 14) (0, 13) (11, 13) (10, 13) (4, 13) (4, 13) (9, 13) (2, 12) (5, 12) (10, 12) (2, 13) (6, 13) (8, 13) (7, 13) (0, 12) (10, 12) (0, 13) (6, 13) (8, 13) (0, 12) (11, 12) (10, 12) (4, 12) (4, 12) (9, 12) (2, 11) (5, 11) (10, 11) (2, 12) (10, 12) (10, 12) (2, 11) (10, 11) (10, 11) (7, 11) (0, 10) (10, 10) (0, 9) (10, 9) (0, 8) (1, 7) (5, 7) (0, 5) (1, 4) (1, 3) (7, 3) (1, 2)
(-1, 13) (5, 13) (4, 13) (4, 13) (2, 14) (10, 14) (8, 14) (2, 13) (5, 13) (10, 13) (2, 12) (6, 12) (4, 12) (2, 13) (6, 13) (8, 13) (7, 13) (0, 12) (10, 12) (0, 13) (6, 13) (8, 13) (0, 12) (11, 12) (10, 12) (4, 12) (4, 12) (9, 12) (2, 11) (5, 11) (10, 11) (2, 12) (10, 12) (10, 12) (2, 11) (10, 11) (10, 11) (7, 11) (0, 10) (10, 10) (0, 9) (10, 9) (0, 8) (1, 7) (5, 7) (0, 5) (1, 4) (1, 3) (7, 3) (1, 2)
(-1, 13) (7, 13) (5, 13) (0, 12) (10, 12) (0, 13) (6, 13) (8, 13) (0, 12) (11, 12) (10, 12) (4, 12) (4, 12) (9, 12) (2, 11) (5, 11) (10, 11) (2, 12) (10, 12) (10, 12) (2, 11) (10, 11) (10, 11) (7, 11) (0, 10) (10, 10) (0, 9) (10, 9) (0, 8) (1, 7) (5, 7) (0, 5) (1, 4) (1, 3) (7, 3) (1, 2)
(-1, 13) (7, 13) (5, 13) (10, 13) (0, 10) (6, 10) (8, 10) (0, 9) (10, 9) (0, 8) (1, 7) (5, 7) (0, 5) (1, 4) (1, 3) (7, 3) (1, 2)
(-1, 13) (7, 13) (0, 8) (11, 8) (8, 8) (3, 5) (6, 5) (2, 3) (1, 2)
(-1, 13) (7, 13) (5, 13) (8, 13) (0, 12) (10, 12) (4, 12) (0, 13) (11, 13) (10, 13) (4, 13) (9, 13) (2, 12) (5, 12) (10, 12) (2, 13) (10, 13) (10, 13) (2, 12) (10, 12) (10, 12) (10, 12) (7, 12) (0, 11) (10, 11) (0, 10) (10, 10) (0, 9) (10, 9) (0, 8) (1, 7) (5, 7) (0, 5) (1, 4) (1, 3) (7, 3) (1, 2)
(-1, 13) (6, 13) (7, 13) (0, 12) (11, 12) (5, 12) (4, 12) (2, 11) (5, 11) (10, 11) (2, 8) (9, 8) (3, 7) (9, 5) (2, 3) (1, 2)
(-1, 13) (7, 13) (5, 13) (8, 13) (0, 12) (11, 12) (10, 12) (4, 12) (4, 12) (9, 12) (2, 11) (5, 11) (10, 11) (2, 12) (10, 12) (10, 12) (2, 11) (10, 11) (10, 11) (7, 11) (0, 10) (10, 10) (0, 9) (10, 9) (0, 8) (1, 7) (5, 7) (0, 5) (1, 4) (1, 3) (7, 3) (1, 2)
(-1, 13) (8, 13) (7, 13) (2, 12) (6, 10) (5, 10) (11, 10) (6, 10) (4, 10) (2, 9) (10, 7) (3, 7) (9, 5) (1, 3) (0, 2)
(-1, 13) (10, 13) (4, 13) (2, 10) (8, 8) (5, 8) (3, 7) (9, 5) (2, 3) (1, 2)
(-1, 13) (6, 13) (4, 13) (2, 10) (8, 8) (10, 6) (7, 6) (1, 5) (5, 3) (5, 3) (3, 2)
(-1, 13) (7, 13) (2, 12) (5, 12) (8, 12) (6, 12) (2, 11) (4, 11) (2, 10) (11, 10) (4, 10) (10, 10) (2, 9) (9, 9) (3, 9) (9, 7) (2, 4) (1, 3) (1, 2)
(-1, 13) (7, 13) (5, 13) (0, 10) (8, 10) (0, 9) (10, 9) (0, 8) (1, 7) (5, 7) (0, 5) (1, 4) (1, 3) (7, 3) (1, 2)
(-1, 13) (7, 13) (5, 13) (10, 13) (0, 14) (6, 14) (8, 14) (0, 13) (11, 13) (10, 13) (4, 13) (4, 13) (9, 13) (2, 12) (5, 12) (10, 12) (2, 13) (6, 13) (8, 13) (7, 13) (0, 12) (10, 12) (0, 13) (6, 13) (8, 13) (0, 12) (11, 12) (10, 12) (4, 12) (4, 12) (9, 12) (2, 11) (5, 11) (10, 11) (2, 12) (10, 12) (10, 12) (2, 11) (10, 11) (10, 11) (7, 11) (0, 10) (10, 10) (0, 9) (10, 9) (0, 8) (1, 7) (5, 7) (0, 5) (1, 4) (1, 3) (7, 3) (1, 2)
(-1, 13) (7, 13) (0, 12) (11, 12) (5, 12) (4, 12) (2, 11) (5, 11) (10, 11) (2, 12) (10, 12) (10, 12) (2, 11) (10, 11) (10, 11) (7, 11) (0, 10) (10, 10) (0, 9) (10, 9) (0, 8) (1, 7) (5, 7) (0, 5) (1, 4) (1, 3) (7, 3) (1, 2)
(-1, 13) (5, 13) (10, 13) (4, 13) (2, 12) (5, 12) (10, 12) (2, 13) (10, 13) (10, 13) (2, 12) (10, 12) (10, 12) (10, 12) (7, 12) (0, 11) (10, 11) (0, 10) (10, 10) (0, 9) (10, 9) (0, 8) (1, 7) (5, 7) (0, 5) (1, 4) (1, 3) (7, 3) (1, 2)
(-1, 13) (5, 13) (6, 13) (4, 13) (2, 12) (8, 12) (10, 12) (9, 12) (7, 12) (0, 11) (11, 11) (5, 11) (4, 11) (2, 10) (5, 10) (10, 10) (2, 9) (9, 9) (3, 9) (9, 7) (2, 4) (1, 3) (1, 2)
(-1, 13) (4, 13) (2, 10) (8, 8) (8, 8) (3, 5) (6, 5) (2, 3) (1, 2)
(-1, 13) (7, 13) (5, 13) (0, 14) (11, 14) (10, 14) (4, 14) (9, 14) (2, 13) (5, 13) (10, 13) (2, 14) (6, 14) (8, 14) (7, 14) (0, 13) (6, 13) (8, 13) (0, 12) (10, 12) (4, 12) (0, 13) (11, 13) (10, 13) (4, 13) (9, 13) (2, 12) (5, 12) (10, 12) (2, 13) (10, 13) (10, 13) (2, 12) (10, 12) (10, 12) (10, 12) (7, 12) (0, 11) (10, 11) (0, 10) (10, 10) (0, 9) (10, 9) (0, 8) (1, 7) (5, 7) (0, 5) (1, 4) (1, 3) (7, 3) (1, 2)
(-1, 13) (5, 13) (4, 13) (2, 12) (5, 12) (10, 12) (2, 13) (6, 13) (8, 13) (7, 13) (0, 12) (10, 12) (0, 13) (6, 13) (8, 13) (0, 12) (11, 12) (10, 12) (4, 12) (4, 12) (9, 12) (2, 11) (5, 11) (10, 11) (2, 12) (10, 12) (10, 12) (2, 11) (10, 11) (10, 11) (7, 11) (0, 10) (10, 10) (0, 9) (10, 9) (0, 8) (1, 7) (5, 7) (0, 5) (1, 4) (1, 3) (7, 3) (1, 2)
(-1, 13) (7, 13) (5, 13) (8, 13) (0, 12) (10, 12) (0, 11) (10, 11) (0, 10) (10, 10) (0, 9) (10, 9) (0, 8) (1, 7) (5, 7) (0, 5) (1, 4) (1, 3) (7, 3) (1, 2)
(-1, 13) (5, 13) (0, 8) (10, 8) (3, 7) (9, 5) (2, 3) (1, 2)
(-1, 13) (6, 13) (0, 8) (10, 6) (7, 6) (1, 5) (5, 3) (5, 3) (3, 2)
(-1, 13) (8, 13) (3, 11) (2, 8) (11, 8) (0, 7) (6, 7) (2, 4) (1, 3) (1, 2)
(-1, 13) (2, 12) (8, 10) (3, 7) (6, 5) (2, 3) (3, 2)
(-1, 13) (5, 13) (0, 12) (8, 12) (6, 12) (3, 11) (2, 9) (9, 7) (0, 5) (6, 3) (1, 2)
(-1, 13) (8, 13) (3, 13) (2, 10) (11, 10) (5, 10) (1, 9) (6, 9) (0, 9) (6, 7) (1, 4) (2, 3) (2, 2)
(-1, 13) (10, 13) (8, 13) (0, 12) (6, 12) (7, 12) (0, 11) (4, 11) (0, 10) (5, 10) (11, 10) (3, 9) (2, 9) (9, 9) (0, 7) (6, 7) (1, 4) (2, 3) (4, 3) (2, 2)
(-1, 13) (6, 13) (8, 13) (0, 12) (6, 12) (7, 12) (0, 11) (11, 11) (10, 11) (4, 11) (0, 10) (10, 10) (8, 10) (7, 10) (1, 9) (5, 9) (0, 5) (3, 4) (3, 3) (3, 2)
(-1, 13) (5, 13) (8, 13) (3, 13) (2, 10) (11, 10) (11, 10) (1, 7) (5, 7) (0, 5) (6, 3) (1, 2)
(-1, 13) (5, 13) (8, 13) (3, 13) (2, 10) (9, 10) (11, 10) (10, 10) (1, 9) (6, 9) (0, 9) (6, 7) (1, 4) (2, 3) (2, 2)
(-1, 13) (5, 13) (8, 13) (3, 11) (2, 8) (11, 8) (6, 8) (2, 7) (8, 5) (0, 4) (1, 3) (1, 2)
(-1, 13) (6, 13) (2, 12) (8, 12) (6, 12) (7, 12) (0, 11) (11, 11) (10, 11) (4, 11) (0, 10) (10, 10) (8, 10) (7, 10) (1, 9) (5, 9) (0, 5) (3, 4) (3, 3) (3, 2)
(-1, 13) (5, 13) (5, 13) (0, 10) (8, 8) (6, 6) (3, 5) (9, 3) (1, 2)
(-1, 13) (2, 12) (8, 10) (6, 8) (1, 7) (7, 5) (3, 4) (2, 3) (2, 2)
(-1, 13) (5, 13) (0, 12) (5, 12) (8, 12) (6, 12) (7, 12) (2, 11) (11, 11) (4, 11) (9, 11) (0, 10) (5, 10) (8, 10) (3, 9) (2, 9) (9, 9) (0, 7) (6, 7) (1, 4) (2, 3) (4, 3) (2, 2)
(-1, 13) (7, 13) (5, 13) (8, 13) (6, 13) (2, 12) (11, 12) (4, 12) (9, 12) (0, 11) (6, 11) (9, 11) (0, 12) (6, 12) (6, 12) (0, 11) (6, 11) (6, 11) (7, 11) (2, 10) (6, 10) (1, 9) (5, 9) (0, 5) (3, 4) (3, 3) (3, 2)
(-1, 13) (5, 13) (5, 13) (0, 12) (8, 10) (8, 10) (3, 7) (4, 7) (0, 5) (8, 5) (2, 3) (1, 2)
(-1, 13) (2, 12) (8, 10) (6, 10) (0, 9) (10, 9) (1, 9) (7, 7) (6, 7) (3, 5) (2, 4) (2, 3) (4, 3) (2, 2)
(-1, 13) (5, 13) (10, 13) (8, 13) (0, 10) (4, 10) (6, 10) (0, 7) (5, 7) (3, 5) (6, 5) (1, 3) (4, 3) (2, 2)
(-1, 13) (5, 13) (2, 12) (10, 12) (8, 12) (9, 12) (0, 11) (5, 11) (4, 11) (6, 11) (0, 10) (5, 10) (8, 10) (3, 9) (2, 9) (9, 9) (0, 7) (6, 7) (1, 4) (2, 3) (4, 3) (2, 2)
(-1, 13) (5, 13) (0, 12) (6, 12) (8, 12) (9, 12) (0, 11) (4, 11) (0, 12) (6, 12) (6, 12) (0, 11) (6, 11) (6, 11) (7, 11) (2, 10) (6, 10) (1, 9) (5, 9) (0, 5) (3, 4) (3, 3) (3, 2)
(-1, 13) (6, 13) (8, 13) (6, 13) (0, 12) (10, 12) (4, 12) (0, 13) (10, 13) (8, 13) (7, 13) (2, 12) (6, 12) (2, 13) (10, 13) (8, 13) (2, 12) (11, 12) (5, 12) (6, 12) (4, 12) (4, 12) (0, 11) (6, 11) (9, 11) (0, 12) (6, 12) (6, 12) (0, 11) (6, 11) (6, 11) (7, 11) (2, 10) (6, 10) (1, 9) (5, 9) (0, 5) (3, 4) (3, 3) (3, 2)
(-1, 13) (5, 13) (0, 14) (6, 14) (8, 14) (0, 13) (6, 13) (9, 13) (0, 12) (10, 12) (4, 12) (0, 13) (10, 13) (8, 13) (7, 13) (2, 12) (6, 12) (2, 13) (10, 13) (8, 13) (2, 12) (11, 12) (5, 12) (6, 12) (4, 12) (4, 12) (0, 11) (6, 11) (9, 11) (0, 12) (6, 12) (6, 12) (0, 11) (6, 11) (6, 11) (7, 11) (2, 10) (6, 10) (1, 9) (5, 9) (0, 5) (3, 4) (3, 3) (3, 2)
(-1, 13) (6, 13) (8, 13) (0, 14) (6, 14) (6, 14) (0, 13) (10, 13) (10, 13) (4, 13) (0, 14) (10, 14) (8, 14) (7, 14) (2, 13) (6, 13) (2, 14) (10, 14) (8, 14) (2, 13) (11, 13) (5, 13) (6, 13) (4, 13) (4, 13) (0, 12) (6, 12) (9, 12) (0, 13) (10, 13) (8, 13) (7, 13) (2, 12) (6, 12) (2, 13) (10, 13) (8, 13) (2, 12) (11, 12) (5, 12) (6, 12) (4, 12) (4, 12) (0, 11) (6, 11) (9, 11) (0, 12) (6, 12) (6, 12) (0, 11) (6, 11) (6, 11) (7, 11) (2, 10) (6, 10) (1, 9) (5, 9) (0, 5) (3, 4) (3, 3) (3, 2)
(-1, 13) (7, 13) (0, 12) (11, 12) (4, 12) (6, 12) (8, 12) (0, 11) (4, 11) (0, 12) (6, 12) (6, 12) (0, 11) (6, 11) (6, 11) (7, 11) (2, 10) (6, 10) (1, 9) (5, 9) (0, 5) (3, 4) (3, 3) (3, 2)
(-1, 13) (6, 13) (4, 13) (6, 13) (8, 13) (0, 12) (4, 12) (0, 13) (6, 13) (6, 13) (0, 12) (6, 12) (6, 12) (6, 12) (7, 12) (2, 11) (6, 11) (2, 10) (6, 10) (1, 9) (5, 9) (0, 5) (3, 4) (3, 3) (3, 2)
(-1, 13) (5, 13) (5, 13) (8, 13) (3, 11) (2, 8) (11, 8) (2, 7) (8, 5) (0, 4) (1, 3) (1, 2)
(-1, 13) (6, 13) (6, 13) (2, 12) (10, 12) (10, 12) (2, 11) (8, 9) (1, 9) (7, 7) (6, 7) (3, 5) (2, 4) (2, 3) (4, 3) (2, 2)
(-1, 13) (10, 13) (8, 13) (0, 12) (5, 12) (4, 12) (6, 12) (0, 11) (6, 11) (9, 11) (0, 12) (6, 12) (6, 12) (0, 11) (6, 11) (6, 11) (7, 11) (2, 10) (6, 10) (1, 9) (5, 9) (0, 5) (3, 4) (3, 3) (3, 2)
(-1, 13) (6, 13) (8, 13) (0, 12) (4, 12) (0, 13) (10, 13) (8, 13) (7, 13) (2, 12) (6, 12) (2, 13) (10, 13) (8, 13) (2, 12) (11, 12) (5, 12) (6, 12) (4, 12) (4, 12) (0, 11) (6, 11) (9, 11) (0, 12) (6, 12) (6, 12) (0, 11) (6, 11) (6, 11) (7, 11) (2, 10) (6, 10) (1, 9) (5, 9) (0, 5) (3, 4) (3, 3) (3, 2)
(-1, 13) (5, 13) (5, 13) (10, 13) (0, 10) (6, 10) (8, 10) (3, 7) (4, 7) (0, 5) (8, 5) (2, 3) (1, 2)
(-1, 13) (8, 13) (7, 13) (2, 12) (6, 12) (2, 13) (10, 13) (8, 13) (2, 12) (11, 12) (5, 12) (6, 12) (4, 12) (4, 12) (0, 11) (6, 11) (9, 11) (0, 12) (6, 12) (6, 12) (0, 11) (6, 11) (6, 11) (7, 11) (2, 10) (6, 10) (1, 9) (5, 9) (0, 5) (3, 4) (3, 3) (3, 2)
(-1, 13) (5, 13) (5, 13) (0, 10) (8, 8) (3, 7) (6, 7) (1, 4) (2, 3) (4, 3) (2, 2)
(-1, 13) (2, 12) (8, 10) (8, 10) (7, 10) (1, 9) (5, 9) (0, 5) (3, 4) (3, 3) (3, 2)
(-1, 13) (5, 13) (0, 12) (6, 12) (9, 12) (0, 13) (10, 13) (8, 13) (7, 13) (2, 12) (6, 12) (2, 13) (10, 13) (8, 13) (2, 12) (11, 12) (5, 12) (6, 12) (4, 12) (4, 12) (0, 11) (6, 11) (9, 11) (0, 12) (6, 12) (6, 12) (0, 11) (6, 11) (6, 11) (7, 11) (2, 10) (6, 10) (1, 9) (5, 9) (0, 5) (3, 4) (3, 3) (3, 2)
(-1, 13) (6, 13) (0, 14) (10, 14) (8, 14) (7, 14) (2, 13) (6, 13) (2, 14) (10, 14) (8, 14) (2, 13) (11, 13) (5, 13) (6, 13) (4, 13) (4, 13) (0, 12) (6, 12) (9, 12) (0, 13) (10, 13) (8, 13) (7, 13) (2, 12) (6, 12) (2, 13) (10, 13) (8, 13) (2, 12) (11, 12) (5, 12) (6, 12) (4, 12) (4, 12) (0, 11) (6, 11) (9, 11) (0, 12) (6, 12) (6, 12) (0, 11) (6, 11) (6, 11) (7, 11) (2, 10) (6, 10) (1, 9) (5, 9) (0, 5) (3, 4) (3, 3) (3, 2)
(-1, 13) (7, 13) (0, 10) (5, 10) (11, 10) (3, 7) (4, 7) (0, 5) (8, 5) (2, 3) (1, 2)
(-1, 13) (5, 13) (5, 13) (3, 11) (2, 8) (7, 8) (0, 5) (6, 5) (1, 3) (4, 3) (2, 2)
(-1, 13) (8, 13) (7, 13) (2, 12) (11, 12) (5, 12) (10, 12) (4, 12) (6, 12) (0, 11) (6, 11) (9, 11) (0, 10) (10, 10) (8, 10) (7, 10) (1, 9) (5, 9) (0, 5) (3, 4) (3, 3) (3, 2)
(-1, 13) (8, 13) (10, 13) (4, 13) (0, 12) (10, 12) (8, 12) (7, 12) (2, 11) (6, 11) (2, 10) (6, 10) (1, 9) (5, 9) (0, 5) (3, 4) (3, 3) (3, 2)
(-1, 13) (8, 13) (7, 13) (2, 12) (6, 12) (4, 12) (2, 9) (8, 9) (1, 7) (5, 7) (0, 4) (3, 3) (3, 2)
(-1, 13) (6, 13) (7, 13) (2, 12) (11, 12) (6, 12) (4, 12) (6, 12) (0, 11) (10, 11) (8, 11) (7, 11) (2, 10) (6, 10) (1, 9) (5, 9) (0, 5) (3, 4) (3, 3) (3, 2)
(-1, 13) (5, 13) (5, 13) (0, 10) (8, 8) (10, 8) (3, 7) (6, 7) (1, 4) (2, 3) (4, 3) (2, 2)
(-1, 13) (2, 12) (8, 10) (10, 10) (8, 10) (7, 10) (1, 9) (5, 9) (0, 5) (3, 4) (3, 3) (3, 2)
(-1, 13) (5, 13) (0, 12) (6, 12) (9, 12) (0, 13) (6, 13) (6, 13) (0, 12) (6, 12) (6, 12) (6, 12) (7, 12) (2, 11) (6, 11) (2, 10) (6, 10) (1, 9) (5, 9) (0, 5) (3, 4) (3, 3) (3, 2)
(-1, 13) (8, 13) (7, 13) (2, 14) (10, 14) (8, 14) (2, 13) (11, 13) (5, 13) (6, 13) (4, 13) (4, 13) (0, 12) (6, 12) (9, 12) (0, 13) (10, 13) (8, 13) (7, 13) (2, 12) (6, 12) (2, 13) (10, 13) (8, 13) (2, 12) (11, 12) (5, 12) (6, 12) (4, 12) (4, 12) (0, 11) (6, 11) (9, 11) (0, 12) (6, 12) (6, 12) (0, 11) (6, 11) (6, 11) (7, 11) (2, 10) (6, 10) (1, 9) (5, 9) (0, 5) (3, 4) (3, 3) (3, 2)
(-1, 13) (8, 13) (7, 13) (2, 12) (11, 12) (5, 12) (6, 12) (4, 12) (4, 12) (0, 11) (6, 11) (9, 11) (0, 12) (6, 12) (6, 12) (0, 11) (6, 11) (6, 11) (7, 11) (2, 10) (6, 10) (1, 9) (5, 9) (0, 5) (3, 4) (3, 3) (3, 2)
(-1, 13) (8, 13) (7, 13) (2, 12) (6, 12) (4, 12) (2, 13) (11, 13) (5, 13) (6, 13) (4, 13) (0, 12) (6, 12) (9, 12) (0, 13) (6, 13) (6, 13) (0, 12) (6, 12) (6, 12) (6, 12) (7, 12) (2, 11) (6, 11) (2, 10) (6, 10) (1, 9) (5, 9) (0, 5) (3, 4) (3, 3) (3, 2)
(-1, 13) (8, 13) (7, 13) (2, 12) (6, 12) (2, 11) (6, 11) (2, 10) (6, 10) (1, 9) (5, 9) (0, 5) (3, 4) (3, 3) (3, 2)
(-1, 9) (7, 9) (5, 9) (1, 7) (5, 5) (11, 5) (3, 3) (0, 2)
(-1, 9) (1, 9) (7, 7) (5, 5) (5, 3) (3, 3) (2, 2)
(-1, 10) (8, 10) (3, 9) (11, 9) (6, 9) (3, 8) (6, 8) (1, 7) (7, 5) (2, 5) (8, 3) (1, 2)
(-1, 10) (1, 9) (7, 7) (5, 5) (3, 4) (2, 3) (2, 2)
(-1, 11) (8, 11) (3, 7) (4, 7) (2, 6) (8, 4) (1, 3) (1, 2)
(-1, 11) (1, 9) (7, 7) (3, 5) (2, 4) (2, 3) (2, 2)
(-1, 12) (7, 12) (5, 12) (10, 14) (0, 15) (9, 15) (11, 15) (5, 15) (10, 15) (4, 15) (2, 14) (8, 14) (3, 13) (4, 13) (0, 11) (1, 12) (9, 12) (7, 12) (5, 12) (0, 13) (11, 13) (10, 13) (4, 13) (9, 13) (1, 11) (9, 11) (11, 11) (3, 9) (2, 8) (5, 8) (0, 5) (3, 3) (0, 2)
(-1, 12) (5, 12) (5, 12) (4, 12) (1, 11) (6, 11) (7, 11) (1, 10) (11, 10) (10, 10) (9, 10) (1, 9) (7, 9) (3, 8) (2, 7) (5, 7) (3, 5) (2, 4) (8, 4) (2, 3) (8, 3) (2, 2)
(-1, 12) (8, 12) (3, 11) (11, 11) (9, 11) (7, 11) (6, 11) (6, 11) (1, 10) (5, 10) (5, 10) (0, 9) (1, 9) (6, 9) (3, 5) (0, 4) (4, 4) (0, 3) (0, 2)
(-1, 12) (7, 12) (5, 12) (8, 12) (8, 12) (3, 11) (5, 11) (11, 11) (4, 11) (3, 10) (4, 10) (9, 10) (0, 9) (1, 9) (8, 9) (3, 7) (8, 7) (2, 4) (1, 3) (1, 2)
(-1, 12) (6, 12) (0, 15) (10, 15) (8, 15) (7, 15) (2, 14) (5, 14) (8, 14) (6, 14) (1, 13) (5, 13) (11, 13) (4, 13) (2, 13) (10, 11) (3, 12) (4, 12) (6, 12) (11, 12) (2, 13) (5, 13) (8, 13) (10, 13) (3, 11) (9, 11) (7, 11) (2, 8) (6, 8) (0, 7) (1, 5) (1, 3) (4, 3) (2, 2)
(-1, 12) (1, 11) (7, 9) (6, 9) (3, 6) (2, 5) (2, 4) (2, 3) (4, 3) (2, 2)
