7 2
7 3
8 3
8 4
9 4
9 5
10 5
10 3
10 5
10 4
10 6
10 6
11 4
11 6
11 4
11 4
11 4
11 3
11 8
11 6
11 6
11 3
11 5
11 3
11 5
11 7
11 9
11 5
11 7
11 7
12 10
12 8
12 7
12 5
12 3
12 7
12 5
12 5
12 5
12 3
12 4
12 4
12 5
12 9
12 7
12 7
12 5
12 3
12 11
12 9
12 8
12 3
12 4
12 3
12 6
12 6
12 8
12 8
12 10
12 3
12 8
12 4
12 6
12 10
12 12
12 4
12 6
12 8
12 6
12 8
12 10
12 8
13 6
13 13
13 13
13 8
13 9
13 9
13 11
13 6
13 7
13 4
13 15
13 11
13 6
13 8
13 6
13 6
13 3
13 8
13 6
13 7
13 5
13 6
13 6
13 4
13 5
13 4
13 5
13 5
13 19
13 17
13 10
13 6
13 4
13 10
13 6
13 8
13 6
13 4
13 3
13 4
13 6
13 12
13 10
13 10
13 8
13 4
13 14
13 12
13 9
13 4
13 3
13 4
13 5
13 5
13 7
13 7
13 9
13 5
13 7
13 4
13 7
13 5
13 7
13 9
13 11
13 5
13 7
13 5
13 7
13 11
13 13
13 15
13 17
13 9
13 11
13 4
13 7
13 11
13 13
13 5
13 11
13 5
13 7
13 13
13 15
13 4
13 5
13 7
13 9
13 7
13 9
13 5
13 7
13 11
13 13
13 9
13 11
13 9
9 2
9 3
10 3
10 4
11 4
11 5
12 11
12 8
12 5
12 8
12 14
12 6
13 20
13 13
13 10
13 10
13 13
13 8
13 7
13 5
13 6
13 9
13 11
13 8
13 46
13 5
13 7
13 15
13 16
13 7
14 5
14 23
14 11
14 22
14 9
14 19
14 13
14 8
14 14
14 4
14 7
14 7
14 5
14 6
14 3
14 3
14 24
14 21
14 7
14 10
14 7
14 9
14 17
14 4
14 6
14 5
14 6
14 4
14 8
14 29
14 62
14 14
14 20
14 34
14 49
14 6
14 8
14 8
15 23
15 6
15 4
15 51
15 9
15 37
15 15
15 22
15 16
15 10
15 21
15 3
15 5
15 12
15 21
15 19
15 6
15 8
15 7
15 8
15 4
15 6
15 4
15 4
15 4
15 3
15 53
15 39
15 15
15 24
15 12
15 12
15 10
15 8
15 8
15 14
15 8
15 13
15 10
15 3
15 5
15 5
15 7
15 3
15 7
15 18
15 50
15 28
15 63
15 12
15 63
15 3
15 7
15 15
15 49
15 9
15 11
15 3
15 12
15 49
15 49
15 51
15 7
15 5
15 9
15 45
15 92
15 7
15 9
15 9
11 2
11 3
12 3
12 4
13 4
13 5
14 16
14 5
14 18
14 6
15 12
15 18
15 36
15 11
15 35
15 6
15 18
15 11
15 17
15 165
15 44
15 7
16 80
16 16
16 9
16 56
16 35
16 9
16 11
16 21
16 89
16 34
16 9
16 8
16 6
16 7
16 30
16 11
16 17
16 67
16 60
16 9
16 30
16 6
16 8
16 9
16 81
16 22
16 196
16 8
17 6
17 55
17 20
17 8
17 79
17 83
17 10
17 20
17 5
17 31
17 16
17 214
17 26
17 9
17 8
17 21
17 9
17 9
17 9
17 7
17 8
17 5
17 81
17 8
17 32
17 19
17 15
17 36
17 78
17 12
17 23
17 5
17 7
17 5
17 9
17 17
17 5
17 9
17 59
17 15
17 89
17 75
