16 15 14 7 
18 14 8 
18 7 6 8 
18 5 
18 15 14 7 
19 11 7 
16 15 14 1 
19 15 5 
17 14 8 
18 9 8 7 
18 12 
17 6 
12 0 25 21 18 7 6 
18 11 10 8 
18 10 9 8 
19 10 
18 8 
18 11 10 0 
18 11 8 
18 7 6 8 
18 7 6 8 
18 7 
14 7 
18 7 6 8 
18 10 9 8 
13 
19 17 16 9 8 
19 11 7 
18 11 10 7 
18 7 6 8 
18 15 10 
14 6 
19 15 5 
18 7 6 8 
17 14 8 
14 13 13 12 
19 13 7 
18 
18 7 6 5 
15 16 10 7 
19 15 10 
18 7 
17 13 8 
18 14 
13 21 20 8 7 
18 14 
19 16 8 
18 13 8 
18 11 10 7 
18 15 14 0 
18 9 8 7 
12 16 13 12 
18 12 8 7 
