
10 1 
8 7 
7 8 
8 7 
10 1 
8 
10 0 
10 8 
10 0 
9 8 
10 7 
10 8 
7 8 
8 7 
10 8 
9 7 
10 0 
10 1 
10 7 
8 
10 1 
6 8 
10 0 
10 7 
10 7 
8 7 
8 7 
10 1 
8 
10 1 
9 7 
9 7 
10 7 
9 8 
7 7 
10 0 
10 0 
10 8 
8 
8 7 
9 8 
9 8 
9 8 
8 
8 7 
10 1 
8 7 

10 7 
8 
6 8 
7 7 
10 7 
9 8 
8 7 
8 
9 8 
8 7 
10 8 
9 8 
10 
10 1 
10 
8 7 

10 7 
7 8 
8 
10 1 
8 
8 7 
10 1 
9 7 
8 7 
9 8 
10 0 
6 8 
8 8 
9 8 
8 
7 8 
6 8 
8 7 
10 8 
10 
9 8 
10 8 
9 7 
7 8 
9 7 
8 8 
8 
10 7 
10 
10 1 
10 7 
10 7 
8 7 
8 
10 7 
9 8 
