197 -2 | -1 
138 -1 | 2 
132 -2 | -2 -1 
109 -2 | -2 -2 -1 
85 -1 2 | 2 
68 -2 | -2 -2 -2 -1 
63 -1 2 2 | 2 
43 -2 -2 -2 -1 | -2 -2 -1 
42 -2 | -2 -2 -2 -2 -1 
39 -1 2 2 2 | 2 
34 2 | 1 
33 -2 | -1 2 
32 1 | -2 
31 -2 -1 | -1 
31 -2 -2 -1 2 1 | -2 -2 -2 -2 -1 
31 -2 -2 -2 -2 -2 -1 | -2 -2 -2 -2 -1 
27 -2 -2 -1 2 1 | -2 -2 -2 -2 -2 -1 
27 -2 | -1 2 2 
26 -2 -1 | 2 
26 -2 -2 -1 | -2 -1 
26 -2 -2 -2 -2 -1 | -2 -2 -2 -1 
25 -1 | -1 2 
25 -2 1 | -2 
23 -1 2 2 | -1 2 2 2 
22 -1 2 | -1 2 2 
22 -2 -2 -1 2 1 | -2 -2 -2 -1 
20 -1 2 2 2 2 | 2 
19 -1 2 2 2 | -1 2 2 2 2 
19 -2 -2 -1 2 1 | -1 2 2 2 2 
18 -2 -2 -1 2 1 | -1 2 2 2 
18 -2 -2 -1 2 1 | -2 -2 -2 -2 -2 -2 -1 
17 2 | -2 1 
17 -2 -2 -2 -1 2 1 -2 -1 | -2 -2 1 -2 -1 2 -1 
17 -2 -2 -2 -2 -1 2 1 -2 -1 | -2 -2 1 -2 -1 -1 
16 -1 2 2 2 2 | -1 2 2 2 2 2 
16 -2 -2 1 | -2 
16 -2 -2 -2 1 | -1 2 2 
15 -2 -2 -1 2 1 | -2 -2 -1 
14 -2 -2 -1 2 1 | -2 -1 
14 -2 -2 -2 -1 | -2 -1 2 2 1 

745 -2 
625 -2 -2 -1 2 1 
472 2 
451 -1 
441 -2 -2 -2 -1 2 2 1 
265 -2 -1 
248 -2 -2 -2 -2 -1 2 2 2 1 
227 -2 -2 -1 
211 -1 2 
204 -2 -2 1 2 2 2 -1 
202 -2 -2 1 2 -1 -2 1 
195 -1 2 2 
193 -2 -2 -2 -1 
153 -2 -2 -2 -2 -1 
132 -2 -1 -1 -2 1 2 1 
125 -1 2 2 2 
122 -2 -2 -2 -1 2 1 -2 -1 
104 -1 2 2 2 2 
102 -2 -2 -2 -2 -2 -1 
100 -2 -2 -2 1 2 2 2 2 -1 
91 -2 1 
90 1 
89 -2 -1 2 2 -1 2 1 
88 -2 -2 -1 -2 1 2 -1 
86 -2 -1 2 2 2 -1 2 1 
83 -2 -2 1 -2 -1 -1 
81 -2 -2 -1 2 2 2 1 
75 -2 -1 2 -1 2 1 
73 -2 -2 -1 2 1 -2 -1 
73 -2 -2 -2 1 -2 -1 -1 
71 -2 -2 1 -2 -1 2 -1 
66 -2 1 2 -1 2 2 2 -1 
66 -2 -2 -2 1 
65 -2 -1 2 1 1 2 -1 
61 -2 -2 1 
60 -2 -2 1 -2 -1 -2 -1 
60 -2 -2 -1 -2 1 1 
60 -2 -2 -2 1 2 2 -1 
59 -2 1 2 -1 2 2 -1 
57 -2 1 -2 1 2 -1 
