8 1 7 3 0 1 
10 2 10 3 
6 6 8 3 
11 1 7 9 3 7 5 1 
6 8 8 0 
4 10 3 8 8 0 6 11 1 11 5 2 
5 11 9 6 2 
0 8 0 4 4 4 2 
5 5 1 5 11 2 2 
10 8 0 4 2 1 
10 1 9 3 5 3 
0 4 4 2 2 8 
5 8 1 9 4 3 0 
0 0 4 2 2 4 2 
4 1 1 2 
11 1 11 3 7 7 3 
6 2 10 2 3 
0 4 4 2 2 8 
2 2 1 
4 2 6 4 7 1 
8 0 10 8 2 2 
4 1 2 2 2 
1 5 1 9 1 6 2 
6 6 2 8 2 4 2 
5 5 0 1 1 
2 2 4 0 0 8 0 
2 6 2 2 10 2 2 
3 3 3 3 7 1 
5 1 9 9 
7 5 1 1 9 1 0 
11 8 3 7 3 4 3 0 
5 6 0 1 11 1 9 1 
9 1 9 1 11 3 11 1 7 1 
11 9 2 2 6 2 
5 1 9 9 2 
9 0 0 10 2 
5 0 8 6 0 6 3 
1 6 3 5 4 0 
4 2 5 10 2 4 3 0 
4 4 0 4 0 10 8 2 
3 7 7 3 11 1 
1 9 1 11 1 7 
6 1 9 0 
4 4 1 11 0 1 1 
7 0 11 2 10 1 9 2 
2 10 4 6 
7 3 9 1 4 1 2 
1 7 5 6 2 2 
3 7 7 3 9 4 4 2 10 1 
