16 
17 9 7 
16 7 8 
16 8 7 
17 12 7 
12 
16 6 5 
16 8 8 
16 13 8 
16 13 12 
16 7 6 
15 8 7 
15 9 8 
17 12 
15 11 7 
17 13 8 
17 17 8 7 
14 12 7 
16 10 7 
16 
17 8 8 
16 9 7 
16 7 8 
14 10 8 
11 7 
9 8 7 6 8 
17 13 7 
16 13 7 
14 12 7 
17 13 7 
17 7 
16 9 8 
14 13 7 
17 14 12 7 
16 10 0 
16 6 8 
16 10 7 
16 13 12 
12 12 11 10 1 
11 8 
17 9 8 
16 6 5 
17 8 
12 11 10 9 8 
15 12 7 
13 12 11 10 7 
7 9 8 
16 13 12 
16 10 7 
17 12 8 
12 14 8 
16 8 
17 13 7 
17 11 8 
16 8 7 
17 17 8 7 
17 7 
16 9 7 
16 
17 11 7 
16 
17 7 
