11 1 5 5 1 1 1 
0 6 4 0 5 0 
2 6 0 0 10 0 
9 1 9 1 11 11 
3 9 3 11 9 3 0 1 
11 2 7 1 4 2 
10 10 0 0 
11 0 8 0 
2 4 0 0 
10 0 10 0 10 0 8 0 
0 10 8 0 10 
10 2 6 0 
11 8 1 1 
4 0 8 10 0 
2 2 10 8 
8 0 8 6 0 
4 6 2 8 8 3 2 
11 3 3 11 
11 1 5 3 2 2 
3 11 3 3 5 3 
1 11 1 11 1 9 1 
11 9 11 
9 1 7 7 1 
2 6 0 0 3 2 
0 0 6 0 4 0 
6 1 
11 10 5 1 1 
5 4 2 6 0 9 3 0 1 
1 1 9 7 
1 7 1 1 5 1 
3 9 1 4 1 
2 2 8 
7 4 0 0 8 
6 0 10 4 4 0 
11 3 7 1 5 1 
9 11 11 
8 3 0 0 1 
9 11 0 
3 3 7 3 11 3 
3 9 3 11 11 1 1 
6 9 3 6 1 
3 7 7 1 
4 3 5 1 2 2 
11 11 3 4 0 
7 4 10 2 4 2 
4 4 0 5 1 
6 3 9 1 
4 1 5 2 1 
3 3 11 5 
9 1 9 1 
10 2 10 2 10 2 8 2 
1 9 7 1 
1 9 1 9 1 11 5 3 
