
6 
8 0 0 
2 4 2 
6 0 0 
4 
1 
5 
8 
11 
2 2 
2 4 2 
8 
0 3 2 
9 1 7 1 
10 
4 2 2 
7 
8 
7 
1 
4 
6 
5 
3 0 1 
2 8 2 
9 1 9 1 
5 1 1 
10 
1 
8 
10 2 4 2 
4 2 2 
1 7 1 
2 2 
11 
9 
11 
10 
1 
9 3 0 1 
2 2 
0 0 
0 0 
0 
8 0 8 0 
8 
6 0 0 

9 
0 
3 5 3 
7 
1 7 1 
2 2 
9 3 0 1 
0 
0 0 
4 0 4 0 
10 
3 3 
4 0 
10 
4 0 
5 1 1 

9 
0 3 2 
1 
10 
1 
8 0 8 0 
10 
4 2 4 2 
4 0 0 
3 3 
11 
6 
4 
0 0 
1 
0 3 2 
3 5 3 
4 0 4 0 
8 
4 1 
2 2 
8 
4 2 4 2 
2 6 2 
6 2 2 
1 1 
0 
3 0 1 
6 0 
8 
9 
3 0 1 
5 3 3 
1 
7 
0 0 
