11 11 5 1 
3 9 11 0 
9 4 2 7 1 
4 0 8 0 4 0 
5 1 5 1 7 5 1 
5 0 8 2 9 1 
1 7 
3 11 1 7 3 
3 5 1 9 3 
5 11 1 8 2 
8 10 0 
2 2 2 4 
0 1 1 1 
7 2 7 1 
6 7 3 9 
0 4 1 
8 2 10 3 
10 1 1 1 
5 1 11 2 
1 5 1 2 
7 1 2 6 2 
4 0 10 
8 11 1 2 
6 0 6 0 4 4 2 
6 2 8 2 4 2 
2 6 0 10 2 
0 1 1 
4 4 0 4 0 4 0 
4 6 1 
5 2 2 9 1 
2 2 1 
10 5 2 7 1 
10 4 2 6 0 3 
0 3 3 
5 0 4 0 3 
9 0 3 
11 11 3 7 
1 5 1 7 1 
3 9 3 11 0 1 
0 10 8 0 8 0 
5 5 1 7 0 
0 8 1 
6 2 8 2 2 
1 4 2 
11 2 1 1 
1 1 11 3 7 
4 6 2 6 9 1 
0 0 0 0 0 
0 0 0 1 
11 1 1 1 
3 3 5 3 
10 8 0 
11 1 2 4 2 
10 4 2 6 3 
2 10 4 0 4 0 
3 7 7 1 2 
4 5 3 2 2 
4 1 11 6 0 
5 1 9 11 1 9 1 
8 9 3 9 3 0 1 
2 5 0 3 
6 0 6 2 10 0 
0 6 6 
9 0 5 3 2 2 
0 10 10 
